FINAL_UNIFORM_GROUP_SAMPLING_BENCHMARK_METADATA
generated_at=2026-07-21T18:12:00+08:00
git_head_commit=5623eacac71eb45ff391588d94cd9d50ba717db8
code_change=KR-IBE group-element key material X changed from ECP::mapit(OS-random 32-byte seed) to uniform nonzero Ed25519 subgroup-scalar rejection sampling followed by X=[s]P
processor=Intel(R) Core(TM) i9-14900HX
physical_cores=24
logical_processors=32
memory_bytes=16790597632
memory_gib=15.64
os_name=Microsoft Windows 11 Home Single Language
os_version=10.0.26200
os_build=26200
power_condition=AC power (Win32_Battery BatteryStatus=2)
rustc=rustc 1.85.1 (4eb161250 2025-03-15)
cargo=cargo 1.85.1 (d73d2caf9 2024-12-31)
selected_final_threads=16
thread_pilot_rerun=false
exact_command=cargo run --release --bin enron_benchmark -- --threads 16
clean_build_commands=cargo clean; cargo build --release --bin enron_benchmark
dataset_source=../dataset/EnronMailDB.sql
dataset_sha256=CD4CA2C229ED50C7320DE224BF8436F6B229D5046D53A2B8004ADBBF450E511A
dataset_sizes=100,500,1000,5000,10000
authorised_users=1,5,10,20
schemes=KR-PEKS,KR-PAEKS
runs_per_configuration=100
configuration_count=40
raw_run_count=4000
run_start=2026-07-21T15:27:44+08:00
benchmark_process_start=2026-07-21T15:28:07+08:00
run_end=2026-07-21T18:09:06.6675581+08:00
total_command_elapsed_seconds=9682.668
benchmark_process_elapsed_seconds=9659.668
exit_code=0
raw_validation_failures=0
summary_validation_failures=0
correctness_validation_failures=0
wrong_keyword_note=No new wrong-keyword benchmark was executed; the separately verified KR-PEKS 100/100 and KR-PAEKS 100/100 evidence remains in wrong_keyword_rejection_evidence.txt.
archive=benchmark_results/archive_pre_uniform_group_sampling

OUTPUT_CHECKSUMS_SHA256
SHA256(enron_raw_results.csv)=F2F702ECBC5EE569C22FC95490B28EE7BCC5D5E8168651316BD8B75E9DB159A2 bytes=554678
SHA256(enron_summary_results.csv)=08F9701FF13D04D262B2876168BD5ECB6BE33299D068BA6EA5914E93E0087B36 bytes=6489
SHA256(enron_peks_vs_paeks_comparison.csv)=1C3CF376AE7CAC52C8E90FC84930B354AE6B501396E7CB3B4F6EEF7D329994F9 bytes=3304
SHA256(correctness_results.csv)=E68B82D768301E3D233637956A55EB1FEC19E83903E8E47C5FD6AE1642EAE35F bytes=2134
SHA256(old_vs_uniform_group_sampling_performance_comparison.csv)=545C4D80164404B04A97BE56C8F630D60085512B7183270DED9165183268ECCC bytes=12423
SHA256(figures/dataset_size_vs_upload_time.png)=9267531622DA06274D336218F86B0FAC36406962B477C6519B825EAC3CD246D4 bytes=147689
SHA256(figures/dataset_size_vs_upload_time.pdf)=447D1C08FC42CDC915F9386B086BF7279061D20B065B6866D4B85E75B65DD799 bytes=14756
SHA256(figures/dataset_size_vs_search_time.png)=F5C7D75457891B7CF2CA646AED77AB5A4DA11854EA5185838300F5B39AA8B88D bytes=146642
SHA256(figures/dataset_size_vs_search_time.pdf)=16FD8FA245E892D00301A663D64B280FA3B8D9BC1BBEF107130FF9AD28148A44 bytes=15385
SHA256(figures/dataset_size_vs_retrieval_time.png)=A5ABAF50478759516EB21E62CBC97052FF2B3A3AB146406EC8B0B200753A06EB bytes=136604
SHA256(figures/dataset_size_vs_retrieval_time.pdf)=C241D52ECD09C8ADC4CE29B892D4BCE357E0C8CA7FCCAEA73A31DBFF0FE3E5FE bytes=13804
SHA256(figures/authorised_users_vs_registration_time.png)=0BA38B181009EA33540F55CA66CBD02853A0B32D2F5391AC6C3D4DFDD60350D1 bytes=180353
SHA256(figures/authorised_users_vs_registration_time.pdf)=E08D353378AEE2E200BD8B932A7EBCC18DCFE9CD3B26F5F13539F0F4505D38C2 bytes=14664
